
all_theta =

 Columns 1 through 12:

  -3.32441   0.00000   0.00000   0.00009  -0.00081  -0.00088   0.00142  -0.01753  -0.00105   0.00056   0.00047   0.00007
  -3.25339   0.00000   0.00000  -0.00003   0.00040  -0.00092  -0.01640  -0.00912  -0.01319  -0.00159  -0.00860  -0.00324
  -4.97022   0.00000   0.00000  -0.00001  -0.00012   0.00340   0.01388  -0.01995  -0.00626  -0.00092  -0.00954  -0.00292
  -2.25012   0.00000   0.00000  -0.00000  -0.00001   0.00102  -0.00096   0.00058   0.03962   0.02960   0.04873   0.01469
   0.67778   0.00000   0.00000  -0.00000   0.00009  -0.00092  -0.00823  -0.00335  -0.01634  -0.00996  -0.00150   0.00012
  -3.55807   0.00000   0.00000  -0.00000   0.00002  -0.00012  -0.00026  -0.00139  -0.00105  -0.00022  -0.00041  -0.00014
  -1.97411   0.00000   0.00000  -0.00002   0.00017   0.00058   0.00417   0.03121   0.00023  -0.00140  -0.00521  -0.00193
  -8.14116   0.00000   0.00000  -0.00000   0.00005   0.00008  -0.00018  -0.00696  -0.00599   0.00051   0.00007   0.00001
  -5.55847   0.00000   0.00000  -0.00000   0.00002   0.00044  -0.00593  -0.00389  -0.00039  -0.01841  -0.00988  -0.00011
   0.00000   0.00000   0.00000   0.00000   0.00000   0.00000   0.00000   0.00000   0.00000   0.00000   0.00000   0.00000

 Columns 13 through 24:

   0.00040   0.00179   0.00155   0.00427   0.00562   0.00047  -0.00008  -0.00000   0.00000  -0.00000   0.00001  -0.00112
   0.00402   0.00546   0.00239  -0.00499  -0.00244   0.00387  -0.00012  -0.00002   0.00000  -0.00000  -0.00001   0.00062
  -0.00354  -0.01313   0.01723   0.02856  -0.00228  -0.00070  -0.00001   0.00001   0.00000  -0.00000   0.00000   0.00043
  -0.00206   0.00344   0.02131   0.00828  -0.00019   0.00013   0.00002  -0.00000   0.00000  -0.00000   0.00007  -0.00006
   0.00197   0.00929  -0.04266  -0.06745   0.00005   0.00102   0.00000  -0.00001   0.00000  -0.00000  -0.00001  -0.00070
   0.00008   0.00009   0.00036   0.00053   0.00012   0.00002   0.00000  -0.00000   0.00000   0.00000  -0.00001  -0.00001
   0.00007   0.00023  -0.00433  -0.00156   0.00032   0.00003   0.00000  -0.00000   0.00000  -0.00000   0.00000   0.00025
   0.00004   0.00014   0.00061   0.00168   0.00128   0.00017   0.00001  -0.00000   0.00000  -0.00000  -0.00001   0.00007
   0.00122   0.00206   0.00378   0.00427   0.00139   0.00102   0.00014  -0.00002   0.00000  -0.00000  -0.00001  -0.00001
   0.00000   0.00000   0.00000   0.00000   0.00000   0.00000   0.00000   0.00000   0.00000   0.00000   0.00000   0.00000

 Columns 25 through 36:

   0.00924   0.01060   0.00201  -0.02346   0.00012   0.00071  -0.00931  -0.00117  -0.00448  -0.01960  -0.01154  -0.03852
  -0.00415   0.01338   0.15338  -0.08647  -0.17897  -0.03110  -0.03375  -0.02952  -0.06490  -0.06261  -0.02646   0.03668
  -0.00352  -0.01230  -0.04854  -0.11685  -0.08393  -0.06507  -0.06131  -0.03515   0.04828   0.12845  -0.23201  -0.34198
  -0.00575  -0.03014  -0.00525  -0.08533  -0.51988  -0.20131  -0.04645   0.04047   0.03500   0.01951  -0.19889  -0.08440
   0.00749   0.02177   0.02668  -0.00131  -0.07846  -0.04937  -0.02563   0.00507  -0.01615  -0.10287   0.46492   0.74368
  -0.00027   0.00818   0.01070   0.00086   0.00294   0.01049   0.00763   0.00963   0.00227   0.01306   0.00639   0.00040
  -0.00170  -0.00802  -0.07307   0.07959   0.18920   0.11466   0.06633   0.00563  -0.02363  -0.03463   0.04461   0.02957
  -0.00002   0.00035   0.00936  -0.00095  -0.02680  -0.03547  -0.01926   0.00431   0.00203  -0.00154  -0.00079  -0.00397
   0.00132  -0.00544  -0.00132  -0.01160  -0.10030  -0.20346  -0.07482  -0.00333  -0.02189  -0.02438  -0.02331  -0.03263
   0.00000   0.00000   0.00000   0.00000   0.00000   0.00000   0.00000   0.00000   0.00000   0.00000   0.00000   0.00000

 Columns 37 through 48:

  -0.05272   0.00616   0.00965   0.00032   0.00017   0.00000  -0.00028   0.00032   0.02662   0.06584   0.09813   0.09665
   0.02508  -0.04715   0.00621   0.00114   0.00009   0.00000   0.00029   0.00340  -0.01962  -0.34340  -0.26940  -0.38889
   0.01562  -0.01300  -0.03261  -0.00477   0.00061   0.00000  -0.00013  -0.00689   0.06261   0.38649   0.82203   0.69635
   0.00698   0.00053   0.00089   0.00038   0.00014  -0.00001  -0.00087   0.00696   0.06395   0.16253   0.00750  -0.14705
  -0.00293  -0.01258  -0.00433   0.00024   0.00002   0.00000  -0.00002   0.01072  -0.08103  -0.36834  -0.74199  -0.92223
   0.00140   0.00063   0.00013   0.00003   0.00001  -0.00001   0.00015  -0.00123   0.01049  -0.07924  -0.39310  -0.19488
   0.00613   0.01073   0.00694  -0.00084   0.00019   0.00000  -0.00001  -0.00014   0.00142  -0.01044   0.19818   0.19780
   0.00755   0.01547   0.00923   0.00057   0.00034   0.00000  -0.00008   0.00025   0.00711   0.00660  -0.08046  -0.20100
  -0.01038  -0.00719   0.00369  -0.00147  -0.00220   0.00000   0.00003   0.00032  -0.00349  -0.05500  -0.14111  -0.19150
   0.00000   0.00000   0.00000   0.00000   0.00000   0.00000   0.00000   0.00000   0.00000   0.00000   0.00000   0.00000

 Columns 49 through 60:

  -0.05766  -0.08783  -0.02308  -0.03896  -0.00530  -0.05994  -0.16995  -0.27736  -0.21574  -0.04507   0.05146   0.00073
  -0.45163  -0.27517   0.06784   0.44499   0.64148  -0.05063  -1.01651  -0.42194   0.13637  -0.35335  -0.07965   0.03663
   0.32149  -0.09702  -0.07158  -0.13461  -0.20573   0.34686   0.69964   0.35888   0.24739   0.39194   0.63777   0.03117
  -1.28346  -1.22515  -0.29662   0.18207  -0.63631  -1.09661  -0.93322  -0.22824  -0.02278  -0.02463  -0.01947   0.00367
  -0.27795  -0.12685   0.01416   0.00475  -0.09020  -0.23295   0.90415   1.44914  -0.37389  -0.23098   0.00884   0.00224
  -0.34423  -0.58846  -0.48873  -0.25311  -0.10362  -0.14695  -0.11375  -0.08123  -0.00345  -0.00106  -0.00134  -0.00010
   1.55956   2.25636   1.45722   0.69150   0.70789   0.27634  -0.09487  -0.17929  -0.21763  -0.18462  -0.14560  -0.01825
  -0.17894  -0.03772   0.02384  -0.03050   0.00295  -0.06288  -0.26362  -0.49982  -0.39936  -0.18190  -0.10725  -0.00003
  -1.07533  -1.71549  -0.61021  -0.15486  -0.22115  -0.12746  -0.09649  -0.04989  -0.11962  -0.07217  -0.13205   0.02598
   0.00000   0.00000   0.00000   0.00000   0.00000   0.00000   0.00000   0.00000   0.00000   0.00000   0.00000   0.00000

 Columns 61 through 72:

  -0.00039   0.00000   0.00136   0.00483  -0.16806  -0.61534  -0.95699  -1.29612  -0.76541  -0.84644  -0.07807   0.34497
  -0.00303   0.00016  -0.00003  -0.04689   0.07525   0.11533   0.25910   0.51424   0.56945   0.09980  -1.41175  -0.30533
  -0.00474   0.00000   0.00108  -0.02861   0.09610   0.58600   0.42602   0.37669  -0.12076  -0.68218  -0.54374  -0.53876
   0.00025   0.00007   0.00013  -0.04479   0.10269   0.71468   0.18713   0.67330  -0.29370  -0.12561   0.68046   0.68849
   0.00022   0.00001   0.00131   0.03728  -0.46581  -1.22207  -1.58441  -0.96275  -0.31114  -0.17354  -0.60126  -0.73520
  -0.00014  -0.00008  -0.00014   0.01809  -0.05409  -0.61838  -0.48669  -0.15334  -0.49119  -0.24682   0.75784   0.64298
  -0.00175   0.00000   0.00001   0.00609  -0.04658  -0.31867   0.22329   0.13502   1.16821   0.88171   0.83144   0.43052
  -0.00411   0.00000   0.00130  -0.00207  -0.12255  -0.23799  -0.73576  -0.81897   0.21907   0.90941   0.57902  -0.51036
   0.04050   0.00000   0.00051   0.00159  -0.06319  -0.28029  -0.65881  -0.82778  -1.15234  -0.72726  -0.31726  -0.05484
   0.00000   0.00000   0.00000   0.00000   0.00000   0.00000   0.00000   0.00000   0.00000   0.00000   0.00000   0.00000

